219
219
262
285
300
328
331
331
331
340
340
340
422
433
534
566
568
575
599
615
621
621
639
641
689
728
779
787
879
904
913
913
940
940
953
1010
1010
1051
1132
1132
1132
1179
1179
1210
1210
1214
1239
1328
1328
1328
1350
1394
1435
1435
1460
1460
1500
1500
1506
1513
1582
1613
1613
1653
1653
1728
1728
1728
1731
1871
2000
2054
2118
2155
2160
2249
2294
2344
2345
2345
2488
2488
2490
2490
2490
2546
2564
2581
2777
2777
2781
2820
3052
3083
3133
3133
3148
3336
3336
3463
3501
3501
3506
3625
3677
3771
3771
3897
3897
3897
4043
4091
4122
4126
4313
4313
4483
4568
4568
4630
4630
4630
4772
4772
4843
4843
4850
4893
4893
4893
5186
5186
5186
5200
5202
5294
5294
5345
5348
5348
5348
5410
5410
5420
5420
5459
5552
5578
5578
5578
5604
5608
5608
5753
5773
5791
5791
5897
6032
6087
6127
6156
6156
6385
6385
6397
6397
6397
6496
6496
6570
6625
6625
6656
6710
6923
6936
6936
7006
7006
7037
7037
7108
7126
7126
7156
7156
7256
7256
7256
7267
7406
7497
7508
7948
8069
8155
8155
8245
8270
8302
8346
8346
8436
8584
8584
8736
8736
8816
8852
8887
8919
8952
8985
8985
9013
9013
9053
9070
9111
9289
9289
9289
9299
9299
9440
9466
9493
9686
9757
9769
9821
9821
9861
9861
9873
9969
9969
9996
9996
9996
9996
10097
10097
10097
10097
10226
10289
10370
10370
10567
10668
10676
10804
10946
11029
11029
11061
11061
11061
11110
11178
11178
11193
11261
11261
11345
11345
11350
11537
11575
11617
11617
11744
11788
11788
11902
12022
12022
12089
12089
12297
12410
12500
12500
12500
12599
12623
12623
12689
12689
12689
12781
12854
12854
12885
12960
13067
13127
13127
13172
13516
13516
13574
13638
13638
14258
14258
14263
14304
14348
14348
14379
14379
14395
14603
14661
14688
14688
14743
15100
15192
15261
15383
15525
15594
15625
15625
15639
15639
15639
15780
15788
15804
15804
15873
15873
15934
15934
15991
15991
15991
15999
15999
16054
16424
16424
16443
16565
16828
16962
16987
17032
17093
17093
17105
17125
17125
17316
17332
17406
17612
17736
18404
18404
18404
18433
18433
18452
18452
18452
18473
18473
18547
18558
18558
18597
18624
18708
18708
18708
19207
19207
19207
19233
19233
19268
19309
19309
19309
19320
19320
19320
19357
19392
19392
19794
19866
20005
20045
20061
20061
20326
20378
20378
20423
20423
20423
20598
20598
20609
20609
20662
20662
20825
20825
20885
20930
21020
21020
21130
21138
21138
21138
21138
21164
21391
21562
21562
21562
22287
22538
22763
22870
22914
22918
22943
23213
23257
23257
23257
23257
23371
23371
23721
23819
23819
23940
23940
24056
24148
24316
24316
24501
24501
24771
25267
25277
25427
25528
25528
25638
25638
25638
25638
25770
25770
25770
25770
25803
25803
25876
26364
26364
26556
26780
26780
26780
26780
26780
26899
26899
27109
27291
27535
27601
27601
27601
27601
27601
27668
27728
27728
27735
27735
27735
27735
27735
27749
27749
27798
27798
27798
27897
27897
28154
28211
28384
28384
28698
28698
28698
29157
29369
29392
29571
29571
29662
29704
29829
29947
29947
29947
30020
30293
30443
30614
30635
30640
31138
31157
31191
31762
31762
32090
32190
32515
32515
32820
32886
32886
32902
32902
33019
33332
33673
33687
34421
34421
34513
34513
34596
34934
34953
35061
35061
35107
35107
35107
35903
35903
35929
35984
36086
36086
36347
36347
36413
36413
36413
36413
36421
36796
36796
36958
36993
36993
37001
37127
37614
37627
37628
37628
37652
37652
37675
37884
37884
37884
37884
38242
38487
38487
38487
38773
38773
38773
38773
38855
39220
39472
39472
39540
40100
40166
40166
40417
40500
40639
40770
40786
40786
41018
41319
41319
41319
41337
41542
41542
41562
41562
41633
41796
41796
42390
42502
42536
42587
42587
42674
42674
42840
42840
42840
42940
43058
43058
43171
43306
43306
43310
43740
43740
43796
44476
44515
44532
44532
44624
45063
45223
45585
45585
45783
46828
46888
46888
47321
47731
47731
47731
47731
47731
47748
47750
47750
47811
48014
48014
48014
48510
48671
49422
50323
50527
50527
50769
51572
51886
51886
51932
51985
52099
52099
52106
52197
52197
52232
52232
52232
52378
52625
52625
52933
52933
52933
52965
53217
53217
53697
53706
53706
53707
53707
53799
53800
54085
54238
54238
55214
55317
55317
55317
55533
55533
55533
56354
56709
57001
57025
57025
57031
57031
57427
57427
57730
57730
58815
58853
58857
58857
58857
58889
59025
59822
59839
59917
59917
60045
60681
60688
61137
61294
61409
63187
63207
63912
63912
63912
64192
64194
64233
64511
64511
64708
64872
64872
64872
65071
65071
65947
65947
65947
66177
66177
66462
66480
66507
66507
66507
66507
66574
68083
68083
68159
68159
68159
68159
68585
68692
68692
69100
69476
69660
69738
69738
69929
70275
70294
71214
71765
71989
71989
73031
73086
73662
73662
73953
73953
74505
75746
75746
76569
76934
77774
77774
77774
78612
78801
79522
80304
81210
81210
81210
81567
82303
82303
82303
83624
83935
84677
84879
84879
84932
84932
84932
84932
87054
87054
87148
87148
87875
87875
88198
88198
89394
90191
90191
90534
90534
90534
90534
92743
93167
93167
93167
94699
94699
95058
96078
97177
98278
99037
100263
100646
100646
100731
100731
101978
101978
102236
102236
102596
102596
102764
102764
102764
102999
105075
106460
106460
108979
109191
109191
110275
110275
110456
110869
110869
110869
112231
112231
112231
112326
112434
113363
113451
113781
114007
115213
115597
115695
116232
116669
116699
116699
117082
117082
117186
118398
118398
119074
120135
120135
120809
122126
122895
125787
125787
129024
129024
130006
130006
131525
131823
132875
132976
132976
134635
134635
135921
137944
139060
140379
140379
140379
140954
141157
141611
143531
145257
145821
145821
148329
148329
148539
150405
150405
157967
157967
158414
158414
158571
158571
159165
159208
159208
160658
165010
165641
165690
166237
166237
167061
167084
167084
167808
167808
168291
168485
171517
173720
177825
179442
180102
180102
180102
185267
191371
191371
192071
198205
199744
213743
228906
229427
231853
233811
234672
235902
239567
244880
252918
252918
255512
292135
477541
