47
74
74
74
204
204
276
282
324
324
324
335
382
382
382
404
411
411
452
476
481
506
506
518
529
534
543
559
565
565
571
571
618
622
634
634
636
711
757
757
792
847
847
852
858
894
913
913
930
1026
1026
1031
1046
1046
1082
1103
1103
1120
1120
1120
1162
1179
1182
1182
1189
1200
1217
1229
1229
1244
1244
1244
1244
1255
1255
1279
1279
1279
1314
1345
1381
1381
1382
1382
1403
1403
1403
1406
1406
1406
1417
1417
1435
1435
1435
1438
1438
1438
1556
1578
1637
1637
1637
1637
1658
1658
1658
1729
1875
1989
2012
2095
2102
2120
2137
2283
2286
2295
2295
2338
2338
2369
2437
2550
2584
2584
2594
2609
2627
2627
2644
2727
2736
2759
2814
2875
2875
2966
3094
3145
3148
3253
3253
3324
3324
3345
3536
3714
3714
3714
3714
3894
3976
3982
4065
4074
4080
4121
4126
4126
4126
4159
4159
4198
4198
4421
4421
4427
4427
4574
4574
4639
4646
4827
4827
4867
4949
4949
4949
4949
4965
5070
5132
5171
5171
5219
5270
5318
5318
5324
5351
5351
5352
5352
5381
5453
5453
5491
5493
5493
5502
5502
5559
5560
5560
5605
5679
5687
5727
5807
5807
5807
5918
5922
6088
6098
6200
6200
6238
6355
6393
6393
6393
6393
6475
6475
6517
6602
6628
6670
6670
6670
6670
6673
6673
6673
6802
6802
6876
6876
6876
6936
7004
7004
7047
7048
7048
7068
7068
7090
7090
7112
7112
7184
7184
7184
7272
7291
7291
7405
7405
7462
7462
7469
7478
7478
7478
7540
7546
7546
7550
7553
7569
7569
7569
7579
7579
7583
7604
7610
7639
7702
7702
7702
7880
7880
7880
7982
7982
8043
8043
8048
8090
8090
8149
8149
8232
8245
8266
8266
8406
8478
8478
8670
8679
8733
8761
8820
8820
8823
8823
8898
8989
9024
9035
9105
9105
9212
9212
9271
9271
9271
9271
9465
9465
9551
9586
9659
9696
9696
9724
9759
9759
9759
9759
9759
9812
9832
9832
9833
9833
9856
9895
9928
9928
9928
9958
9958
9992
9992
9992
10002
10002
10194
10194
10194
10194
10217
10234
10239
10239
10368
10368
10552
10552
10585
10721
10753
10753
10777
10846
10893
10926
11015
11033
11125
11270
11270
11285
11285
11287
11327
11327
11355
11362
11610
11610
11610
11622
11643
11653
11756
11756
11804
11890
11890
11973
12005
12109
12165
12165
12165
12169
12362
12362
12362
12376
12376
12410
12438
12438
12438
12438
12483
12483
12483
12483
12510
12548
12548
12575
12575
12630
12630
12643
12643
12948
13241
13241
13241
13241
13338
13523
13523
13771
13771
13771
13771
13771
13787
13787
14041
14162
14262
14270
14270
14270
14305
14305
14384
14384
14384
14408
14408
14589
14608
14608
14841
15002
15074
15074
15148
15318
15765
15765
15766
15766
15766
15766
15790
15852
15874
15874
15874
15971
16209
16228
16228
16270
16270
16503
16503
16503
16503
16764
16764
16815
16950
16951
17055
17158
17197
17334
17334
17414
17414
17417
17457
17457
17485
17693
17901
17901
18149
18314
18314
18346
18346
18395
18397
18433
18433
18455
18568
18568
18572
18572
18572
18572
18598
18645
18706
18706
19137
19276
19283
19283
19283
19290
19314
19314
19421
19421
19487
19539
19539
19539
19660
19789
19789
19792
19792
19852
19852
19852
19871
19915
19921
19921
19960
20089
20089
20089
20126
20126
20299
20299
20349
20385
20430
20430
20614
20614
20629
20629
20668
20719
20912
20926
21055
21070
21070
21070
21070
21200
21213
21349
21630
21630
21630
21641
21759
21759
21759
21759
21791
21791
21791
21875
21911
21911
22069
22069
22336
22544
22618
22660
22660
22736
22877
23072
23072
23257
23257
23257
23257
23406
23406
23711
23804
23865
24113
24577
24882
24954
24954
24954
25046
25277
25284
25374
25374
25430
25454
25454
25454
25492
25492
25492
25557
25557
25557
25627
25762
25762
25762
25762
25785
25842
25892
26074
26074
26322
26422
26756
26891
26891
27075
27079
27161
27208
27255
27255
27359
27385
27474
27474
27513
27610
27610
27610
27610
27630
27630
27630
27774
27774
27774
28147
28149
28175
28206
28241
28241
28454
28454
28545
28727
28727
28727
28754
28754
28976
29022
29022
29022
29068
29248
29292
29292
29324
29324
29324
29339
29489
29557
29557
29560
29569
29569
29569
29637
29712
29935
30030
30142
30293
30293
30467
30580
30901
31146
31146
31178
31178
31210
31379
31753
31753
31753
31920
31991
31991
31991
32396
32396
32591
32652
32734
32734
32940
33182
33492
33492
33802
33802
33893
34426
34426
34624
34681
34681
34954
34976
35010
35021
35021
35021
35021
35246
35246
35353
35363
35708
35708
35708
35734
35734
35734
35734
35802
35852
35883
35912
35970
35984
36027
36027
36045
36045
36170
36178
36178
36383
36527
36709
36783
37010
37034
37034
37103
37122
37122
37266
37338
37357
37357
37365
37365
37461
37461
37588
37588
37639
37639
37710
37837
37837
37892
37892
37892
37892
38161
38176
38426
38632
38833
39150
39212
39229
39229
39229
39264
39264
39665
39665
39665
39868
39971
39971
40060
40186
40226
40226
40384
40567
40567
40567
40567
40591
40591
40591
40601
40601
40736
40736
40754
41281
41281
41281
41656
41656
41725
41725
41725
41725
41726
41726
42024
42184
42254
42267
42287
42459
42459
42614
42682
42682
42850
42850
43135
43135
43152
43239
43248
43257
43397
43456
43735
43973
43973
44041
44056
44430
44504
44714
44714
44714
44795
44795
44828
44828
44933
45240
45572
45572
45816
45876
45876
45880
45880
45880
45885
45885
45994
46047
46165
46165
46977
47436
47564
47564
47564
47703
47703
47703
47703
47703
47709
47743
47846
48287
48287
48950
48950
49325
49325
49325
50053
50053
50231
50231
50231
50787
50912
50947
51126
51422
51422
51422
51654
51654
51654
51862
52031
52099
52166
52166
52233
52233
52233
52546
52593
52769
52769
52950
53056
53056
53161
53257
53303
53552
53626
53788
53983
53983
54084
54204
54277
54418
54418
54418
54418
54707
54853
55114
55150
55150
55457
55457
55457
55726
55726
55873
55906
56246
56332
56332
56465
56465
56528
56528
56681
56687
56733
56733
56808
56856
56917
56917
57130
57130
57186
57363
57710
58348
58348
58746
58746
58870
58925
59282
59282
59429
59429
59528
59528
59528
59818
59839
59882
59898
60187
60563
60596
60763
60763
60840
60840
60840
60916
60916
60916
61217
61233
61233
61233
61233
61233
61233
61233
61237
61321
61321
61458
61458
61462
61888
61888
61957
61957
62003
62003
62049
62049
62293
63341
63412
64182
64229
64314
64589
64659
64863
64863
64863
64879
64879
64879
64879
66106
66106
66218
66218
66560
66560
67385
67580
67580
67580
68688
68777
68954
68954
68954
68969
69101
70240
70240
70591
70591
70591
71384
71691
71949
71949
72397
72500
72500
72500
72853
72906
73490
73662
74119
74382
74701
74986
75761
75763
76178
76379
76527
76562
76802
76802
77334
77396
77484
77484
77549
77549
77549
77899
77899
78178
78501
78501
78767
78767
78767
78794
78980
78980
79491
79535
79535
79535
79551
80147
80184
80744
80744
80744
80999
80999
81232
81539
81584
81646
82028
82176
82176
82889
83062
83470
83470
83594
83594
83594
83940
83940
84873
84873
85008
85959
85996
86508
86508
86973
87150
87150
87170
87888
87888
88037
88037
88754
89778
89778
89778
89890
89890
89992
90453
90535
90578
90694
91349
91458
91458
91458
91567
91675
91851
93371
93371
94218
94218
94405
94672
94777
94777
95983
95987
96707
96707
97902
97902
98564
98953
98953
98953
99001
99001
100431
100431
100681
100815
100815
100901
101519
102283
102779
102872
102872
103120
103180
103180
103655
103655
103761
104723
104744
104744
106364
106616
106922
107357
107357
107451
107462
107583
107583
107583
107878
107878
107878
107882
108452
110775
110911
111099
111450
111744
111750
111750
111769
112376
112555
112555
113293
113293
113318
113767
113767
113767
113813
114438
114507
114507
115688
115688
115962
116412
117197
117197
118257
119861
119861
119907
120029
120704
120704
120704
120809
121146
121146
121146
121146
121206
121781
122108
122108
124185
124185
125086
125086
126331
126331
126996
127902
129713
130734
131178
131748
133604
133604
133714
133714
134046
134046
134631
137949
138487
140128
140636
141148
141564
141564
141564
141564
143158
143158
143158
143158
143427
143932
143932
145185
145605
148355
148355
148911
148911
148911
149873
149951
150577
150577
150777
150777
152798
153417
154988
155192
155893
157868
158533
158533
159077
159151
159151
160642
161169
161169
163996
163996
164945
164945
164945
165216
165216
165216
165768
166347
167046
167046
167086
167808
167808
167808
168717
170231
170524
177256
179476
183486
183486
184155
184155
185808
187512
189983
189983
192246
192246
193105
193105
198819
198819
201078
201592
201592
212902
216966
216966
222122
222122
228170
228170
229024
229024
229024
229142
231849
233953
234027
234027
234393
234669
235908
239434
239442
239442
244450
244450
245018
246188
246188
246892
252850
254884
254884
255297
255297
259769
259769
268933
268933
273827
273827
273827
283235
284059
284059
293510
293510
293510
293809
293809
294370
294370
297444
301323
301323
301323
301849
301849
301849
303606
304094
304851
305604
305604
307261
307261
315491
315491
315491
316048
317178
317178
317178
317178
318106
319038
321500
324075
324075
324075
335004
335004
348501
351176
352045
357299
357299
357299
357779
358075
358075
358075
360497
360497
365694
365694
372672
373462
373818
390330
390330
394120
394120
394120
394120
394120
406926
406926
406926
419197
419197
419197
452939
452939
454207
455325
463326
498837
503644
503644
566804
566804
571310
571310
574237
588756
588756
598547
639746
640032
640032
701346
701346
701506
787006
787006
847943
847943
882754
1000000
